9.436943543989886329e-01
9.079061874227869477e-01
4.247121083258466046e-01
9.679476805344181534e-01
3.092571493727487297e-01
7.455479745372827205e-01
3.943499561549219101e-01
1.002203428510437949e-01
4.037057892721219732e-01
4.005241950294734510e-01
9.049952200152431292e-01
2.942449427302405995e-01
3.193727361431120126e-02
1.521757232897062717e-01
6.545255822819546765e-01
1.863546402428091775e-01
1.625004112085048913e-01
3.397815832963587690e-01
9.999999966712809218e-01
9.989506012812917612e-01
5.832395054276129365e-01
1.185606773936178915e-01
1.002046888596699464e-01
3.625416957214849800e-01
5.089630409677761147e-01
9.989239183066521699e-01
6.475490167427366828e-01
3.399482687966188799e-01
5.688110977299498661e-01
1.137860985159616506e-01
7.925328984484816819e-02
7.304218241828428493e-01
9.994015770773088114e-01
9.996679094111630137e-01
9.969135525050936142e-01
8.558209924758675147e-01
9.914711321547122758e-01
1.928531046093292234e-01
7.067645734110160338e-02
3.689276866814786837e-01
2.950022531959365923e-01
9.795928133681314209e-01
9.994235997862668253e-01
2.440480694119732397e-01
6.414148054076094230e-01
6.568397026901102720e-01
3.423575335856746671e-01
3.840172145242005675e-01
9.106487533417181313e-01
8.546042010929646437e-01
9.392273915442900245e-01
9.999821781043706226e-01
3.893478426894789179e-01
9.977481748787341287e-01
9.999999530537311276e-01
9.999312151774286672e-01
9.996615856180877113e-01
9.999997432392022656e-01
8.907529113844471214e-01
9.556720767782187487e-01
9.999710855275895094e-01
9.769268441272288550e-01
9.999720084291719990e-01
9.999996217147398836e-01
9.999991463421140647e-01
8.746631637981113760e-01
9.999999954433638205e-01
7.285513816736561843e-01
9.999999946580844234e-01
9.410451286279433170e-01
9.999997516747923809e-01
9.945971491935898801e-01
9.999741463540879893e-01
1.000000000000000000e+00
1.000000000000000000e+00
2.271791610375164527e-01
9.999999999999955591e-01
8.502737736457657292e-01
9.273295700142004661e-01
9.999997735948296107e-01
9.874855909285922273e-01
9.999999999999997780e-01
9.997549543530960259e-01
9.999969815419555985e-01
9.999988018568295445e-01
9.997648324917438600e-01
9.999999999906665771e-01
8.304565705966553413e-01
9.729959080313052011e-01
9.625577789937160844e-01
7.750494763460061831e-01
9.999963566521887781e-01
9.479721514664525284e-01
9.889874358751633565e-01
9.999945382841405328e-01
9.999999874473962658e-01
9.263493019608867174e-01
8.006581571742743542e-01
9.075427184214840404e-01
9.999999886757654499e-01
