6.362084281320925516e-01
6.667869017086515138e-01
5.191001137001058918e-01
6.317887492454853371e-01
3.640370442998355216e-01
4.012879347813108066e-01
2.299466656899009087e-01
5.110367085477960508e-02
2.557266097956503378e-02
3.579026924538594168e-01
1.788466952009654665e-01
1.339711825809659362e-01
7.658286987840336700e-03
9.739359369540330491e-02
6.408910558956700809e-01
8.196360522770441970e-02
4.044741410682214239e-02
2.954299227035251940e-01
9.720924738565441814e-01
6.598252233102726017e-01
4.358134341330411332e-01
5.390387922051298464e-02
3.866348436378402864e-02
2.296275452610266055e-01
1.901343200733436878e-01
6.243347188958041638e-01
4.810178122186273830e-01
1.138379862189894676e-01
3.043483600959319135e-01
3.496945683844449732e-02
1.770564366950190538e-02
2.640789410950025173e-01
4.739471291164714661e-01
7.339382735782088441e-01
1.192047889540717165e-01
1.604447012114702253e-01
5.475068228426570593e-01
1.178829856904704404e-01
3.581909008004310196e-02
2.525970627066441709e-01
8.414951604728874990e-02
7.592235972213591255e-01
6.355456847131061293e-01
6.656280098309082238e-02
2.346604837914375019e-01
3.392117967611188445e-01
1.565889832966110007e-01
1.829272177978326086e-01
4.730270800057725933e-01
3.118918589368800398e-01
8.891372553935207312e-01
9.597123960651590124e-01
2.239827475361880760e-01
9.749899745619814428e-01
9.251238864696811337e-01
9.235761792726923103e-01
8.541486591220872615e-01
9.934305134225916989e-01
7.368755240143882723e-01
4.893045772008453032e-01
8.314267250356773831e-01
8.567916014725140972e-01
7.800758170612797082e-01
9.602783105117813633e-01
9.352376944842407669e-01
5.765604066487043378e-01
7.957927118109732190e-01
8.022265152211864869e-01
9.925505327599777328e-01
6.566015138578187305e-01
9.465015184199560005e-01
7.745685538940266790e-01
8.780368922075425520e-01
9.940163495893620249e-01
9.972152266502860574e-01
1.701653217635467341e-01
9.447886793547839446e-01
1.724190534468878488e-01
5.651252972060826218e-01
8.275393609622888613e-01
4.757475874895539802e-01
9.551125142526354361e-01
7.923961157249416187e-01
8.579997879240740533e-01
8.950616039449210692e-01
8.096310585190400477e-01
9.644345178434517996e-01
3.178728940407480330e-01
5.431365691294224307e-01
5.757694480272513848e-01
4.302490717623485561e-01
8.843355224644446899e-01
4.556660694403351086e-01
8.766613444193785964e-01
8.942418902145744530e-01
8.589536410920050047e-01
6.367601838447481954e-01
2.410033058330129652e-01
7.040179110591440192e-01
9.902047974887260295e-01
