8.395905142632946461e-02
4.127474977508552301e-01
2.118094104640166619e-01
6.138587879452053059e-02
4.316272162210998964e-01
1.892561851062977141e-01
9.996471730240990006e-01
1.700224202220768921e-01
4.510928148417233524e-02
3.194437691068797713e-01
8.113774406354233859e-01
6.280052973983936415e-02
2.777037133956804515e-01
1.717340822057852878e-01
9.388549732031684636e-01
6.148189734992898225e-02
2.134253049316390538e-01
3.052310206851402974e-01
7.764684253713050044e-01
1.797198617092767570e-01
2.535053608194631214e-01
4.592825783731291356e-02
1.907898460424481135e-01
3.624216270159804076e-01
1.158860843550294506e-01
3.031924934784666625e-01
4.170681467237965512e-01
3.637059713704221542e-02
3.273328428123728484e-02
1.249457505476211649e-01
4.877989008729980563e-02
8.181546626536734257e-02
4.169695829318612046e-02
2.281170657086804276e-01
7.361964332986039583e-01
3.598742111507896579e-01
7.438386523982244702e-02
4.661250944288279352e-01
1.009596822899878205e-01
4.905078929106668900e-02
2.394332082078715340e-01
4.266533413964703758e-01
7.963051705231290189e-02
9.596472267216595020e-02
9.144104634872838311e-01
4.383916139415672958e-02
1.643796562537354622e-01
8.681197575202841132e-02
7.182850097019073676e-02
2.407152513242504788e-01
9.997969348034316805e-01
1.932322135236120286e-01
9.996727589199582154e-01
3.894795521572640973e-01
8.518373732045081415e-01
8.968113748380737160e-01
7.202721416656912012e-01
6.053466696780077649e-01
6.427848509686940881e-01
9.497304660707140966e-01
8.275765228108992178e-01
8.430963508294676556e-01
1.820338915541482028e-01
8.807313420544229388e-01
9.644594097457773740e-01
6.514059246508415724e-01
8.289144615350908518e-01
9.986069504539742958e-01
3.793487226313728145e-01
9.482520791773217939e-01
9.774244086097936268e-01
3.118115951126380070e-01
6.300748685452953746e-01
4.262022474224836377e-01
8.020873870112295023e-01
9.912836017866897276e-01
7.102157301061501338e-01
4.702087207734523822e-01
9.820117305323934342e-01
2.498708403672277867e-01
1.602604830745718301e-01
9.998601128207125210e-01
9.681688044709713115e-01
9.343402462471659398e-01
5.085322634486366677e-01
8.780018336013214464e-01
8.046773702617189272e-01
6.498029884760185837e-01
7.525089868982312025e-01
9.999454554726517896e-01
2.342785725854248657e-01
7.147137626919064513e-01
6.953308880671182912e-01
8.041847088787819064e-01
8.354013748988727839e-01
5.220584791672645553e-01
5.029738557814028566e-01
7.232956640366020595e-01
9.979439320225363952e-01
4.142511836155007288e-01
