1.849953337963194666e-01
1.220791153064163664e-01
1.207852834967046984e-01
1.228427194437148318e-01
9.455383373759802534e-01
9.166822349592029795e-01
3.093723093842064009e-01
9.361829914020965149e-03
2.275558602520602602e-01
1.893130713175707192e-01
1.697399271602884063e-01
1.204080283785073507e-01
8.265533099532218486e-01
9.178534931411520825e-02
8.516397137795390648e-01
3.987170063430493794e-02
2.916344816415549768e-01
1.510439877980487289e-01
2.708835857533161695e-01
6.273139763444483818e-02
1.450786927083110855e-01
2.209632019640482836e-01
1.217282309852343314e-01
4.457694353603383619e-02
2.213137546093180696e-01
2.223133600074228555e-01
3.785960663552678240e-01
9.805251710504958584e-02
9.844233682964716181e-02
1.150523487669958961e-01
4.122508264018683866e-01
5.835676369521133333e-01
7.013397235469305546e-02
1.849199339525255392e-01
7.390333519816985608e-02
2.900645567048354967e-01
3.640263853185420895e-01
2.808386177503572334e-01
1.038725373185876155e-01
1.818640948021816445e-02
2.285281406293772077e-01
6.809466479580220111e-02
2.028854515275631820e-01
3.156093254718483343e-01
8.909837287042984832e-02
2.237065374953616514e-01
2.562076747457944226e-01
3.695713821039749158e-02
1.410424749423897506e-01
1.568386884847444429e-01
9.317855755325075151e-01
7.358836243389833554e-01
7.833305536421945048e-01
8.592675208406638232e-01
5.865927228934777471e-01
8.451064952172460121e-01
9.096532645879568113e-01
6.675485729388083156e-01
6.507423247140724509e-01
9.565950933272545642e-01
8.962023761185584636e-01
4.227020740207209082e-01
9.773337772523212896e-01
6.752938634585576860e-01
5.098909783257875583e-01
9.794628855105931287e-01
9.524517947107902227e-01
8.125922125115720984e-01
9.021820086755798496e-01
4.216910684263190934e-01
6.252297764873445685e-01
4.783866352161881275e-01
3.509581962519780496e-01
9.847919195976815310e-01
2.575119945501320728e-01
8.466291335983925359e-01
8.244665108900804951e-01
7.249136108070143303e-01
8.390147432197272992e-02
7.632555600825320363e-01
7.534911264891067662e-01
8.903322709138822288e-01
8.931204499595780666e-01
9.624907499097895558e-01
7.666126826327033239e-01
9.547908339562359847e-01
9.955925620700197820e-01
4.095736104273893230e-01
9.809345620424821943e-01
8.975747114456651410e-01
7.353312156993744297e-01
4.907089544429926176e-01
5.643886822644925694e-01
8.609824539022294942e-01
2.190553037710978312e-01
9.477372885409665049e-01
8.910611597488975466e-01
6.731991938597475800e-01
8.274172566817075136e-01
9.788009697102010298e-01
