4.143067994890473234e-03
2.412686675337150609e-03
1.175557530372798665e-03
2.550766094033626256e-03
9.507595702149011438e-03
5.032505270906058488e-03
3.555321963437321764e-02
1.864152337584620150e-02
1.496125681791017452e-02
5.512340864509662069e-02
8.381799787519229189e-03
1.435720222978127854e-02
2.214107735761950552e-02
2.897057817172163461e-03
1.179166017520764595e-02
1.277275865596461460e-02
1.264402401189827947e-02
9.196681319629555415e-03
1.754176981907374366e-01
5.756679069722264730e-02
1.299848180984636802e-02
7.865005384199923177e-02
1.149157486798145084e-01
2.294136657802655233e-03
1.668377790838787914e-02
5.882692065413744863e-03
1.267285236579479210e-02
1.230304210365299189e-01
8.324926018564375585e-03
1.959936354711477868e-03
3.646571928634730064e-02
5.646891156857589827e-02
1.508440384073502297e-02
5.946353661339897050e-04
8.891973015233844632e-03
3.456261586946462322e-02
2.396030251645443754e-02
2.270360237746136545e-01
1.348843579073915298e-03
2.766191654855188614e-03
1.219218095157337430e-02
2.298553811019824270e-03
7.865705478851107600e-04
4.385802690116828544e-03
5.732187699876246240e-02
1.555556980133766636e-02
4.647897739772619691e-03
3.191925094008654564e-03
1.865786204515887869e-03
5.553640999264892499e-03
7.202821704127095048e-03
2.820883032174149353e-03
5.129903934333281644e-03
3.690457793484175353e-03
1.607188376098675139e-02
3.463273827565421792e-03
8.833887145406563862e-03
2.598616885822593522e-02
1.813202364424956400e-02
2.567923431238184478e-02
1.039648865188042524e-02
1.230075913437385371e-03
2.413032732141427716e-01
3.353065386305936202e-01
2.302137519747595173e-01
2.504217327855872144e-01
2.037403656585872469e-01
2.319939253378571764e-01
1.694787872574693155e-01
3.314979779444278130e-01
6.967720809902397394e-02
1.111190924448678674e-01
1.240087023298550584e-01
2.018671116276525290e-01
9.731881053000210335e-02
1.280899223460871816e-01
2.876018268771575737e-01
1.184703132726229874e-01
1.242364607905330487e-01
1.999246703323338537e-01
1.172187568674381702e-01
1.704019238856793461e-01
2.295963316148883215e-01
2.711202103488157267e-01
2.808401185060522276e-01
1.307492523234279058e-01
1.745684911351304824e-01
1.236440335938174678e-01
3.095759315843113479e-01
1.696800566565060120e-01
2.157274992004545311e-01
1.784299723408400706e-01
1.733561001944918523e-01
2.136599104250868630e-01
1.470525412042889835e-01
1.780441517084156711e-01
1.217670158842502903e-01
1.788408011234291772e-01
1.882867055678132673e-01
8.714334290590969312e-02
2.761585429447568352e-01
1.117006914151086883e-01
9.067696397516364359e-02
2.910147036635922779e-01
1.375026562071332004e-01
1.837253540942380137e-01
1.057846925455031978e-01
1.958864934150340853e-01
1.605954483658209864e-01
1.632164427254343964e-01
1.125278918590290889e-01
1.616181406380408914e-01
1.945489934400329857e-01
1.162914389906967438e-01
1.675321294267984040e-01
1.419651925845041851e-01
1.902929730623421911e-01
2.273719030196355018e-01
2.566235419310792798e-01
1.129814120034513814e-01
7.290068602886054516e-02
1.212179063582834310e-01
1.284098981226836633e-01
1.816910230033776663e-01
